; 25 x 25
[[[6 3] [3 1 7 2] [3 4 4 2] [2 4 6 2] [2 10 2]
  [9 4 2] [4 1 3 3] [2 3 8] [3 1 3 3] [1 7 3]
  [4 5 3] [2 2 4 1 3] [2 1 1 1 7] [2 2 3 1 9] [6 1 13]
  [1 4 11] [3 12] [5 4 5] [4 3 3] [5 4]
  [1 1 3 1] [3 3 3] [3 1 1 3 4] [5 2 3 3] [4 6 1 1 1]]
 [[6 4 1] [14 1 1] [2 4 1 1 2 4] [2 1 3 1 2 4] [4 1 1 7]
  [4 3 1 2] [6 2 1] [1 4 4] [1 2 4 1 1 1] [2 2 4 2]
  [7 1 4 1 3] [8 1 1 1] [8 1 3 1] [5 1 4 1 4 1] [1 1 11]
  [1 5 6 2] [10 5] [4 5 4] [1 1 1 6 3] [1 1 5]
  [6 1 5] [7 5 3] [6 5 3] [6 5 4] [5 4 3]]]
